


nb_colors <- c("#225978",
               "#78A57D",
               "#cd8c41",
               "#965a96",
               "#dd222d",
               "#49b4df",
               "#c3b996",
               "#a4acb1",
               "#967396",
               "#007d82")
